80
53
23
443
22
21
8010
1080
1081
8080
25
8088
3389
2000
110
8291
143
179
111
1723
3306
993
995
79
8000
465
541
10000
1433
49152
1025
1720
587
5900
49154
49153
554
389
81
1998
2002
49155
88
8443
5060
8081
5800
1027
636
593
6001
1026
8090
6002
464
9001
49156
3269
3268
49157
8009
3128
2001
5432
445
2222
4001
139
49158
4899
1801
5357
9000
9002
7777
5222
60443
2381
4002
2383
2301
5901
26
82
1028
8082
5666
515
8083
8011
119
4445
6129
1029
5269
7025
5001
902
514
646
9090
1935
1812
5431
3390
1805
513
1666
1352
6004
548
3000
264
2049
2869
5000
8888
13
444
7
3800
1030
49159
8008
90
631
5061
4550
5550
19
42
5801
5555
1494
1521
2103
512
9
222
2107
1040
500
49160
2105
8084
9100
20
1031
563
873
9050
